126
38 0.006049694052791951
127 0.003309939457357447
218 0.0023164979319352593
559 0.0071911519049151105
608 0.005522927282200316
622 0.03335867384564195
649 0.006186818045634148
694 0.015644756001902693
930 0.0030472869727066936
999 0.005192541776747051
1063 0.005127710348210593
1159 0.006589335889967026
1198 0.003675030300878894
1214 0.008049647938894072
1267 0.011158245385515544
1268 0.00762302952998242
1347 0.009296587009726206
1798 0.01102223666605499
1863 0.01215252165440264
1928 0.004643601515108973
1959 0.007059945298235948
2026 0.007259146148461384
2062 0.003147822515054362
2064 0.0081902302865836
2126 0.00828805175435193
2164 0.006996587439592524
2212 0.001007034303880256
2514 0.005436216211854625
2550 0.0036466331882818647
2607 0.009226010435490189
2671 0.008699791650884954
2687 0.01102223666605499
2688 0.0027726355320742313
2699 0.004073210145439867
2807 0.006728052356877229
2863 0.004301832121327845
2934 0.004473810704761771
2938 0.00828805175435193
3056 0.004423581854301217
3070 0.010027960397167893
3080 0.0026979321979724337
3114 0.006163490497117182
3235 0.006756643641158259
3405 0.0071911519049151105
3445 0.012234825977737432
3469 0.009443338038357932
3518 0.005753759154066049
3624 0.004151112941449213
3647 0.0017143982382565096
3682 0.0035178090753247146
3691 0.0047675163944282655
3746 0.005753759154066049
3774 0.010122465236608955
3874 0.025649582442399267
3908 0.007563400602644617
3919 0.0008369611913840239
3944 0.008049647938894072
4007 0.003455562851258277
4129 0.03513528844892717
4136 0.007746817443108848
4216 0.0038823475430581366
4329 0.01102223666605499
4340 0.015412242906963957
4383 0.0013076496184686506
4387 0.0028072648690776803
4550 0.0011226581004703552
4569 0.02455992644834979
4589 0.006094656733678934
4609 0.007400321923674222
4793 0.004563304311913136
4819 0.005208987994245018
4920 0.004106330841360391
4948 0.014514471013555044
4988 0.003386085715324909
5026 0.0017666826073896992
5028 0.004461168389305364
5030 0.015022206176665153
5114 0.005855881408154527
5150 0.011158245385515544
5176 0.004550892826361647
5201 0.015098061109520316
5223 0.006027481777656628
5285 0.004867853089093063
5354 0.015831632403602545
5435 0.009762271282826628
5511 0.003446782920282909
5553 0.01161128734315956
5729 0.0030996696874283206
5836 0.00736435205970085
5845 0.006509302858655914
5847 0.01312480419604629
5960 0.013712521051877338
5963 0.009679052393134203
5981 0.009598245988040844
6061 0.012054963555313256
6219 0.007666011038015488
6273 0.006117412988868716
6296 0.005468086973648867
6318 0.009443338038357932
6326 0.014514471013555044
6354 0.02836869017920757
6373 0.007587481175131328
6470 0.005450044025350069
6562 0.011451951075182038
6637 0.0055788681383072206
6671 0.005432117109675495
6675 0.006619878914714894
6686 0.007666011038015488
6713 0.006810399074313322
6748 0.01831435334410388
6755 0.006562402098023145
6826 0.0010401113327294053
6890 0.015022715285566255
7126 0.006562402098023145
7198 0.005814582493083492
7236 0.006457196186783676
7248 0.010650001113504334
7261 0.0027384311056394325
7271 0.0038416515534312667
7305 0.005064352489567168
7378 0.006814721278916256
7380 0.01014098972062629
7381 0.005713935251347663
7389 0.00844153780868127
7430 0.0017811138343403559
7458 0.005940361381686706
